[gd_scene load_steps=6 format=3 uid="uid://sfu3guvdlgpx"]

[ext_resource type="Script" uid="uid://ci3jetj8gi47o" path="res://scenes/raft.gd" id="1_wq7xe"]
[ext_resource type="ArrayMesh" uid="uid://iqqydg4ay62" path="res://assets/models/raft.tres" id="3_ypqu2"]

[sub_resource type="BoxShape3D" id="BoxShape3D_kx21k"]
size = Vector3(1, 0.3125, 1.59962)

[sub_resource type="BoxShape3D" id="BoxShape3D_wq7xe"]
size = Vector3(1, 0.57666, 0.0281982)

[sub_resource type="BoxShape3D" id="BoxShape3D_ypqu2"]
size = Vector3(0.646118, 0.57666, 0.0281982)

[node name="Raft" type="CharacterBody3D"]
collision_mask = 30
script = ExtResource("1_wq7xe")

[node name="MeshInstance3D" type="MeshInstance3D" parent="."]
transform = Transform3D(2, 0, 0, 0, 2, 0, 0, 0, 2, 0.0157852, -2.38419e-07, -0.00862408)
mesh = ExtResource("3_ypqu2")

[node name="RayCast3D" type="RayCast3D" parent="."]
top_level = true
collision_mask = 14

[node name="CameraController" type="Node3D" parent="."]
top_level = true

[node name="CameraTarget" type="Node3D" parent="CameraController"]
transform = Transform3D(1, 0, 0, 0, 0.980836, 0.194834, 0, -0.194834, 0.980836, 0, 1.19648, 5.56156)

[node name="Camera3D" type="Camera3D" parent="CameraController/CameraTarget"]
transform = Transform3D(1, 0, 0, 0, 1, 0, 0, 0, 1, 0, 0.666569, -7.45058e-09)
current = true

[node name="FloorCol" type="CollisionShape3D" parent="."]
transform = Transform3D(1, 0, 0, 0, 1, 0, 0, 0, 1, -0.00202325, -0.264955, 0.13606)
shape = SubResource("BoxShape3D_kx21k")

[node name="RightCol" type="CollisionShape3D" parent="."]
transform = Transform3D(0.00496576, -0.00188218, -0.999986, 0.00482686, 0.999987, -0.00185819, 0.999976, -0.00481756, 0.00497479, 0.328282, 0.212182, 0.194753)
shape = SubResource("BoxShape3D_wq7xe")

[node name="LeftCol" type="CollisionShape3D" parent="."]
transform = Transform3D(0.00496576, -0.00188218, -0.999986, 0.00482686, 0.999987, -0.00185819, 0.999976, -0.00481756, 0.00497479, -0.288428, 0.211036, 0.197821)
shape = SubResource("BoxShape3D_wq7xe")

[node name="ForwCol" type="CollisionShape3D" parent="."]
transform = Transform3D(0.999986, -0.00188218, 0.0049658, 0.00185819, 0.999987, 0.00482686, -0.00497483, -0.00481756, 0.999976, 0.0183997, 0.209169, -0.309507)
shape = SubResource("BoxShape3D_ypqu2")

[node name="BackwCol" type="CollisionShape3D" parent="."]
transform = Transform3D(0.999986, -0.00188218, 0.0049658, 0.00185819, 0.999987, 0.00482686, -0.00497483, -0.00481756, 0.999976, 0.0233264, 0.213958, 0.682615)
shape = SubResource("BoxShape3D_ypqu2")
