[gd_scene load_steps=5 format=3 uid="uid://1mjkfm7gnvh2"]

[sub_resource type="GDScript" id="GDScript_oe3no"]

[sub_resource type="ConcavePolygonShape3D" id="ConcavePolygonShape3D_eekkm"]
data = PackedVector3Array(5.1822e-10, -0.34082, -0.043457, 0.0307287, -0.34082, -0.0307287, 0.0307287, 0.34082, -0.0307287, 0.043457, 0.34082, 0, 0.0307287, 0.34082, 0.0307287, 0, 0.34082, 0, 0.0307287, 0.34082, 0.0307287, 0.043457, 0.34082, 0, 0.043457, -0.34082, 0, 0.0307287, 0.34082, 0.0307287, -1.89957e-09, 0.34082, 0.043457, 0, 0.34082, 0, -1.89957e-09, 0.34082, 0.043457, 0.0307287, 0.34082, 0.0307287, 0.0307287, -0.34082, 0.0307287, 0.0307287, 0.34082, -0.0307287, 0.043457, 0.34082, 0, 0, 0.34082, 0, 0.043457, 0.34082, 0, 0.0307287, 0.34082, -0.0307287, 0.0307287, -0.34082, -0.0307287, 5.1822e-10, 0.34082, -0.043457, 0.0307287, 0.34082, -0.0307287, 0, 0.34082, 0, 0.0307287, 0.34082, -0.0307287, 5.1822e-10, 0.34082, -0.043457, 5.1822e-10, -0.34082, -0.043457, 0.043457, -0.34082, 0, 0.0307287, -0.34082, 0.0307287, 0.0307287, 0.34082, 0.0307287, -1.89957e-09, -0.34082, 0.043457, 0.0307287, -0.34082, 0.0307287, 0.043457, -0.34082, 0, 0.0307287, -0.34082, 0.0307287, -1.89957e-09, -0.34082, 0.043457, -1.89957e-09, 0.34082, 0.043457, -0.0307287, -0.34082, 0.0307287, -1.89957e-09, -0.34082, 0.043457, 0.043457, -0.34082, 0, 0.0307287, -0.34082, -0.0307287, 0.043457, -0.34082, 0, 0.043457, 0.34082, 0, 0.0307287, -0.34082, -0.0307287, 5.1822e-10, -0.34082, -0.043457, 0.043457, -0.34082, 0, -0.043457, -0.34082, -3.79913e-09, -0.0307287, -0.34082, -0.0307287, -0.0307287, 0.34082, -0.0307287, 5.1822e-10, -0.34082, -0.043457, -0.0307287, -0.34082, -0.0307287, 0.043457, -0.34082, 0, -1.89957e-09, 0.34082, 0.043457, -0.0307287, 0.34082, 0.0307287, 0, 0.34082, 0, -0.0307287, 0.34082, 0.0307287, -1.89957e-09, 0.34082, 0.043457, -1.89957e-09, -0.34082, 0.043457, -0.0307287, 0.34082, 0.0307287, -0.043457, 0.34082, -3.79913e-09, 0, 0.34082, 0, -0.043457, 0.34082, -3.79913e-09, -0.0307287, 0.34082, 0.0307287, -0.0307287, -0.34082, 0.0307287, -0.0307287, 0.34082, -0.0307287, 5.1822e-10, 0.34082, -0.043457, 0, 0.34082, 0, 5.1822e-10, 0.34082, -0.043457, -0.0307287, 0.34082, -0.0307287, -0.0307287, -0.34082, -0.0307287, -0.043457, 0.34082, -3.79913e-09, -0.0307287, 0.34082, -0.0307287, 0, 0.34082, 0, -0.0307287, 0.34082, -0.0307287, -0.043457, 0.34082, -3.79913e-09, -0.043457, -0.34082, -3.79913e-09, -1.89957e-09, -0.34082, 0.043457, -0.0307287, -0.34082, 0.0307287, -0.0307287, 0.34082, 0.0307287, -0.043457, -0.34082, -3.79913e-09, -0.0307287, -0.34082, 0.0307287, 0.043457, -0.34082, 0, -0.0307287, -0.34082, 0.0307287, -0.043457, -0.34082, -3.79913e-09, -0.043457, 0.34082, -3.79913e-09, -0.0307287, -0.34082, -0.0307287, 5.1822e-10, -0.34082, -0.043457, 5.1822e-10, 0.34082, -0.043457, -0.0307287, -0.34082, -0.0307287, -0.043457, -0.34082, -3.79913e-09, 0.043457, -0.34082, 0)

[sub_resource type="BoxShape3D" id="BoxShape3D_eekkm"]
size = Vector3(1, 0.57666, 0.0281982)

[sub_resource type="BoxShape3D" id="BoxShape3D_sl03k"]
size = Vector3(0.646118, 0.57666, 0.0281982)

[node name="Raft" type="CharacterBody3D"]
collision_mask = 2
script = SubResource("GDScript_oe3no")

[node name="RayCast3D" type="RayCast3D" parent="."]

[node name="CameraController" type="Node3D" parent="."]
top_level = true

[node name="CameraTarget" type="Node3D" parent="CameraController"]
transform = Transform3D(1, 0, 0, 0, 0.980836, 0.194834, 0, -0.194834, 0.980836, 0, 1.19648, 5.56156)

[node name="Camera3D" type="Camera3D" parent="CameraController/CameraTarget"]
transform = Transform3D(1, 0, 0, 0, 1, 0, 0, 0, 1, 0, 0.666569, -7.45058e-09)
current = true

[node name="CSGBox3D" type="CSGBox3D" parent="."]
transform = Transform3D(0.00496576, -0.00188218, -0.999986, 0.00482686, 0.999987, -0.00185819, 0.999976, -0.00481756, 0.00497479, 0.0157234, -6.70552e-05, -0.0130567)
use_collision = true
size = Vector3(1, 0.140747, 0.601517)

[node name="CSGCylinder3D" type="CSGCylinder3D" parent="."]
transform = Transform3D(0.00496576, -0.00188218, -0.999986, 0.00482686, 0.999987, -0.00185819, 0.999976, -0.00481756, 0.00497479, -0.00401487, 0.398931, 0.121793)
radius = 0.043457
height = 0.681641

[node name="Area3D" type="Area3D" parent="CSGCylinder3D"]

[node name="CSGBakedCollisionShape3D" type="CollisionShape3D" parent="CSGCylinder3D/Area3D"]
shape = SubResource("ConcavePolygonShape3D_eekkm")

[node name="RightCol" type="CollisionShape3D" parent="."]
transform = Transform3D(0.00496576, -0.00188218, -0.999986, 0.00482686, 0.999987, -0.00185819, 0.999976, -0.00481756, 0.00497479, 0.328282, 0.212182, -0.0156334)
shape = SubResource("BoxShape3D_eekkm")

[node name="LeftCol" type="CollisionShape3D" parent="."]
transform = Transform3D(0.00496576, -0.00188218, -0.999986, 0.00482686, 0.999987, -0.00185819, 0.999976, -0.00481756, 0.00497479, -0.288428, 0.211036, -0.0125653)
shape = SubResource("BoxShape3D_eekkm")

[node name="ForwCol" type="CollisionShape3D" parent="."]
transform = Transform3D(0.999986, -0.00188218, 0.0049658, 0.00185819, 0.999987, 0.00482686, -0.00497483, -0.00481756, 0.999976, 0.0183997, 0.209169, -0.519893)
shape = SubResource("BoxShape3D_sl03k")

[node name="BackwCol" type="CollisionShape3D" parent="."]
transform = Transform3D(0.999986, -0.00188218, 0.0049658, 0.00185819, 0.999987, 0.00482686, -0.00497483, -0.00481756, 0.999976, 0.0233264, 0.213958, 0.472229)
shape = SubResource("BoxShape3D_sl03k")
